1079,1259;1079;2
1289,1294;1289;2
1037,1042,1073,1078,1253,1258;209;2
1036,1072,1252,1288;179;2
1036,1037,1042,1043,1072,1073,1078,1079,1252,1253,1258,1259,1288,1289,1294,1295;28;3
536,644,778,1184,1292;86;2
1110,1260;1110;2
864,1080;864;2
536,644,778,864,1080,1110,1184,1260,1290,1292;0;3
790,850,862,994,1210,1222,1267,1282,1291;1007;2
538,646,1074,1186;88;2
968,1076,1114,1264;35;2
894,1044;894;2
868,1084;868;2
538,646,790,850,862,868,894,968,994,1044,1074,1076,1084,1114,1186,1210,1222,1264,1267,1282,1291;2;3
970,1006,1051,1066,1075,1270;323;2
898,1048;898;2
898,970,1006,1048,1051,1066,1075,1270;0;3
530,539,647,1187;74;2
791,863,1223,1265;141;2
779,851,1115,1211,1283;129;2
530,539,647,779,791,851,863,1085,1115,1187,1211,1223,1265,1283;18;3
784,814,1000,1030;21;2
403,427,532,962,964,1012;586;2
608,638,1008,1178,1254,1256,1284,1286;500;2
892,995,1007,1067,1271;71;2
888,971,1049;0;2
403,427,532,608,638,784,814,869,888,892,899,962,964,971,995,1000,1007,1008,1012,1030,1049,1067,1104,1178,1224,1254,1256,1271,1284,1286;17;3
1015,1040,1055,1070,1231,1255,1285;179;2
1038,1068;1038;2
406,430,610,640,1018,1180;462;2
826,856,1216,1228;204;2
1108,1246;1108;2
406,430,610,640,826,856,1015,1018,1038,1040,1055,1068,1070,1108,1180,1216,1228,1231,1246,1255,1285;22;3
1039,1069,1234;25;2
407,431;407;2
367,533,602,611,641,1034,1181;467;2
785,827,857,1032,1217,1229;209;2
815,820,1109,1247;35;2
367,407,431,533,602,604,611,641,785,815,820,827,857,1032,1034,1109,1181,1217,1229,1247;22;3
965,1001,1031,1250;23;2
370,1235,1248;4;2
391,421,893,1013,1033;28;2
370,391,421,893,965,1001,1013,1031,1033,1235,1248,1250;1;3
394,424,1019,1249;244;2
605,821;605;2
371,388,395,425;35;2
371,385,388,395,425,605,821;1;3
367,370,371,385,388,389,391,394,395,403,406,407,421,424,425,427,430,431,530,532,533,536,538,539,602,604,605,608,610,611,638,640,641,644,646,647,778,779,784,785,790,791,814,815,820,821,826,827,850,851,856,857,862,863,864,868,869,888,892,893,894,898,899,962,964,965,968,970,971,994,995,1000,1001,1006,1007,1008,1012,1013,1015,1018,1019,1030,1031,1032,1033,1034,1038,1039,1040,1044,1048,1049,1051,1054,1055,1066,1067,1068,1069,1070,1074,1075,1076,1080,1084,1085,1104,1108,1109,1110,1114,1115,1178,1180,1181,1184,1186,1187,1210,1211,1216,1217,1222,1223,1224,1228,1229,1231,1234,1235,1246,1247,1248,1249,1250,1254,1255,1256,1260,1264,1265,1267,1270,1271,1282,1283,1284,1285,1286,1290,1291,1292;389;4
648,666,756,774;6;2
560,776;560;2
775,786,846,858,1206,1218,1278;141;2
810,828,990,1026,1188;130;2
792,972;792;2
432,434,678,760,796,976,1098;798;2
670,886;670;2
432,434,560,652,670,678,760,763,775,776,786,792,796,810,828,846,858,882,886,972,976,990,1026,1098,1188,1206,1218,1278;10;3
865,870,871,874,1009,1014;10;2
766,799,802,979,982;136;2
1010,1087;1010;2
866,1081,1086;1;2
766,799,802,866,979,982,1010,1081,1086,1087;0;3
682,787,822,1002,1082,1111,1192,1195;824;2
788,1112,1219;2;2
436,576,578,580,811,991,1027;170;2
812,835,992,1028,1207;123;2
464,832,1102,1242,1261,1266;163;2
462,464,812,832,835,992,1028,1102,1207,1242,1261,1266;0;3
572,859,1208,1262;31;2
562,596,598,612,614,847,1062;532;2
642,848,1279;1;2
436,462,464,562,572,576,578,580,596,598,612,614,632,642,682,766,787,788,799,802,811,812,822,832,835,847,848,859,860,865,866,870,871,874,979,982,991,992,1002,1009,1010,1014,1027,1028,1062,1081,1082,1086,1087,1102,1111,1112,1192,1195,1207,1208,1219,1220,1242,1261,1262,1266,1279,1280;635;4
466,584,586,606,1226;2;2
574,824,1090,1230;4;2
583,616,620,896,1016,1268;104;2
1004,1225,1244;19;2
823,838;823;2
619,643,1046;7;2
634,895,1050;1;2
1003,1243;1003;2
1045,1064;1045;2
466,574,583,584,586,606,616,619,620,634,643,823,824,838,895,896,1003,1004,1016,1045,1046,1050,1063,1064,1090,1198,1225,1226,1230,1243,1244,1268;1063;3
607,622,1052,1232;190;2
524,740;524;2
506,761,780,816,833,996,1193;801;2
671,676,683,1103;35;2
343,653,672;1;2
217,222;217;2
216,217,222,223,331,343,504,506,524,653,671,672,676,683,740,761,780,816,833,996,1103,1193;7;3
247,397,402,426,1091;67;2
246,396;246;2
246,247,396,397,402,426,1091;0;3
355,415,511,1199;19;2
226,467,534,617,1182;104;2
220,437,1152;1;2
220,226,355,415,437,467,511,534,617,1152,1182,1199;0;3
334,346,508,563,575,635,887,936,977;418;2
526,940;526;2
360,361,366,512,767,839,1154;325;2
364,379,456,889,938,1172,1212;26;2
382,460,742,956,997;10;2
458,752,781,797,852;5;2
566,600,890;1;2
782,817;782;2
220,226,246,247,334,346,355,360,361,364,366,379,382,396,397,402,415,426,437,456,458,460,467,508,511,512,526,534,563,566,568,575,600,617,635,742,752,767,781,782,797,817,818,839,852,887,889,890,936,938,940,956,958,977,997,998,1091,1152,1154,1172,1182,1199,1212;818;4
368,390,404,428,601,623,875;11;2
581,636,803,853,983;114;2
250,400,535,943,944,1105;25;2
358,966,1106,1213;4;2
599,1214;599;2
514,946,1159,1160,1183;370;2
250,358,368,390,400,404,418,428,514,535,581,599,601,623,636,754,803,853,854,875,943,944,946,966,983,1105,1106,1156,1159,1160,1174,1183,1213,1214;1174;3
392,587,1162;10;2
637,967;637;2
392,587,637,967,1162;1;3
527,743,746,748,755,1175;860;2
296,335,347,352,359,419,528,960;1067;2
295,349,509,677,1157;14;2
227,244,251,401;10;2
221,227,240,241,244,251,295,296,335,347,349,352,359,384,401,419,509,527,528,677,743,746,748,755,960,1157,1175;1;3
569,959;569;2
298,320,383,386,515,1163,1176;266;2
319,461,529,941,961;28;2
298,319,320,365,383,386,420,461,515,529,569,941,959,961,1163,1176;1;3
322,422,947,1177;421;2
299,314,316,323,353;82;2
245,299,313,314,316,323,353,749;1;3
216,217,220,221,222,223,226,227,240,241,244,245,246,247,250,251,295,296,298,299,313,314,316,317,319,320,322,323,331,334,335,343,346,347,349,352,353,355,358,359,360,361,364,365,366,368,379,382,383,384,386,390,392,396,397,400,401,402,404,415,418,419,420,422,426,428,432,434,436,437,456,458,460,461,462,464,466,467,504,506,508,509,511,512,514,515,524,526,527,528,529,534,535,560,562,563,566,568,569,572,574,575,576,578,580,581,583,584,586,587,596,598,599,600,601,606,607,612,614,616,617,619,620,622,623,632,634,635,636,637,642,643,648,652,653,666,670,671,672,676,677,678,682,683,740,742,743,746,748,749,752,754,755,756,760,761,763,766,767,774,775,776,780,781,782,786,787,788,792,796,797,799,802,803,810,811,812,816,817,818,822,823,824,828,832,833,835,838,839,846,847,848,852,853,854,858,859,860,865,866,870,871,874,875,882,886,887,889,890,895,896,936,938,940,941,943,944,946,947,956,958,959,960,961,966,967,972,976,977,979,982,983,990,991,992,996,997,998,1002,1003,1004,1009,1010,1014,1016,1026,1027,1028,1045,1046,1050,1052,1062,1063,1064,1081,1082,1086,1087,1090,1091,1098,1102,1103,1105,1106,1111,1112,1152,1154,1156,1157,1159,1160,1162,1163,1172,1174,1175,1176,1177,1182,1183,1188,1192,1193,1195,1198,1199,1206,1207,1208,1212,1213,1214,1218,1219,1220,1225,1226,1230,1232,1242,1243,1244,1261,1262,1266,1268,1278,1279,1280;317;5
542,545,570,758,830,1190;551;2
613,618,650,757,762,829,834,1189,1194;613;2
440,443,463,659,679,1088;80;2
433,438,649,654;2;2
439,655;439;2
433,438,439,440,443,463,540,542,545,570,613,618,649,650,654,655,659,679,680,757,758,762,829,830,834,1088,1189,1190,1194;7;3
548,551,564,764,836,1196;545;2
582,798,978;108;2
547,571,674,794,974;149;2
457,577,673,793,973;108;2
457,547,548,551,564,571,577,582,673,674,764,793,794,798,836,872,973,974,978,1196;1;3
565,800,980;109;2
558,630,750;21;2
330,354,510,1158;32;2
452,455,668,722,725,1100;455;2
224,248,329,398,450,720;23;2
325,505,667,1099,1153;17;2
218,224,248,324,325,329,330,354,398,450,452,455,505,510,558,630,667,668,720,722,725,750,1099,1100,1153,1158;1;3
332,356,594,728,731,744;101;2
348,942;348;2
544,559,631,727,751,884;106;2
242,362,442,658;9;2
883,937;883;2
242,332,348,356,362,442,544,559,594,631,658,727,728,731,744,751,883,884,937,942;1;3
350,550,595,745;313;2
522,738,1170;437;2
294,318,342,414;23;2
239,290,293;2;2
234,288;234;2
235,289;235;2
234,235,239,288,289,290,293,294,318,342,414,522,738,1170;1;3
344,416,523,739,1171;463;2
312,328,378,454,724,954;96;2
312,328,344,378,416,454,523,724,739,954,1171;0;3
380,730,955;19;2
238,292,307,308,311;272;2
218,224,234,235,238,239,242,248,288,289,290,292,293,294,307,308,310,311,312,318,324,325,328,329,330,332,342,344,348,350,354,356,362,378,380,398,414,416,433,438,439,440,442,443,450,452,454,455,457,463,505,510,522,523,540,542,544,545,547,548,550,551,558,559,564,565,570,571,577,582,594,595,613,618,630,631,649,650,654,655,658,659,667,668,673,674,679,680,720,722,724,725,727,728,730,731,738,739,744,745,750,751,757,758,762,764,793,794,798,800,829,830,834,836,872,883,884,937,942,954,955,973,974,978,980,1088,1099,1100,1153,1158,1170,1171,1189,1190,1194,1196;310;4
306,546,726;90;2
236,326,656;6;2
451,541,721;72;2
236,306,326,451,541,546,656,721,726;1;3
0,518,777;2;2
520,626,950,1166,1274;212;2
789,861,1221,1293;129;2
849,993,1209,1281;143;2
4,180;4;2
4,30,180,210,520,626,789,849,861,950,993,1166,1209,1221,1274,1281,1293;18;3
907,1005,1065,1077,1123,1147;138;2
628,952,1168,1276;89;2
214,1058;214;2
34,184;34;2
34,184,214,628,907,952,1005,1058,1065,1077,1123,1147,1168,1276;2;3
910,931,1060,1126,1150;47;2
259,521,590,629,783,813,1169,1277;632;2
35,185;35;2
5,24,144;10;2
5,24,35,144,185,215,259,521,590,629,783,813,1169,1277;0;3
592,953,1022,1024,1061,1238;539;2
262,825,855,999,1127,1151,1215,1257,1287;719;2
283,1029,1245;11;2
148,174,204;24;2
28,148,174,204,262,283,592,825,855,953,999,1022,1024,1029,1061,1127,1151,1215,1238,1245,1257,1287;19;3
1041,1071,1240;26;2
286,911,928,935;11;2
178,208,925,1141;28;2
178,208,286,911,925,928,935,1041,1071,1141,1240;1;3
593,819,1035,1241;563;2
263,287;263;2
172,179,209,277;28;2
29,149;29;2
29,149,168,172,179,209,263,277,287,593,819,1035,1241;1;3
280,1025,1145,1251;17;2
173,281;173;2
0,4,5,24,28,29,30,34,35,144,148,149,168,172,173,174,178,179,180,184,185,204,208,209,210,214,215,259,262,263,277,280,281,283,286,287,518,520,521,590,592,593,626,628,629,777,783,789,813,819,825,849,855,861,907,910,911,925,928,929,931,934,935,950,952,953,993,999,1005,1022,1024,1025,1029,1035,1041,1058,1060,1061,1065,1071,1077,1123,1126,1127,1141,1144,1145,1147,1150,1151,1166,1168,1169,1209,1215,1221,1238,1240,1241,1245,1251,1257,1274,1276,1277,1281,1287,1293;389;4
271,333,345,691,703,765;43;2
554,651,759,770;21;2
357,429,837,1197,1269;141;2
405,801;405;2
561,669;561;2
252,258,260,417,476;14;2
381,981,1017;21;2
253,475;253;2
706,715;706;2
922,1135;922;2
252,253,258,260,274,357,369,381,405,417,429,475,476,554,561,651,669,694,706,715,759,770,801,837,919,922,981,1017,1135,1197,1269;919;3
795,867,885,975,1011;148;2
556,597,772,808,988;543;2
681,831;681;2
444,556,597,681,772,808,831,988;0;3
376,393,573,589,633,645,1021;631;2
373,625;373;2
806,986;806;2
446,904,1101,1113,1191,1263;21;2
900,1083;900;2
446,806,900,904,986,1083,1101,1113,1191,1263;0;3
256,374,718,842,901,1053;46;2
282,410,1273;1;2
906,1116,1138,1146,1202,1233;6;2
478,500,1117;5;2
908,1122,1148;5;2
256,282,284,373,374,376,393,409,410,444,446,478,499,500,556,573,589,597,625,633,645,681,718,772,795,806,808,831,842,867,885,900,901,904,906,908,975,986,988,1011,1021,1053,1083,1101,1113,1116,1117,1122,1124,1138,1146,1148,1191,1202,1233,1263,1273;1124;4
609,624,932,1057,1237,1272;577;2
588,930,1020;14;2
412,502,844,1094,1204;122;2
878,897,1047,1092,1227;146;2
448,880,1120;14;2
412,448,502,588,609,624,844,876,878,880,897,930,932,1020,1047,1057,1092,1094,1120,1204,1227,1237,1272;4;3
1056,1096,1236;144;2
525,734,741;14;2
302,351,387,707,712,719,1139;141;2
108,126,301,695,709;19;2
1,6;1;2
1,6,7,18,108,126,275,301,302,351,387,517,525,695,707,709,712,719,734,741,1139;7;3
557,773,845,1205;543;2
537,753,1173,1185;453;2
537,557,753,773,845,1173,1185,1205;3;3
413,503,516,567,603,957,1165;551;2
257,278,423,493,494,923,926,949,1121;314;2
276,924;276;2
479,736;479;2
138,198,211,304,496,675,891;598;2
162,181;162;2
2,130,166,187;57;2
31,112,151,186;3;2
22,154;22;2
2,10,22,31,112,130,138,145,150,151,154,162,166,181,186,187,198,211,257,276,278,304,413,423,479,493,494,496,503,516,537,557,567,603,675,736,753,773,845,891,923,924,926,949,957,1121,1165,1173,1185,1205;10;4
639,809,969,989;557;2
377,948,1142,1164;17;2
142,202,212,449,1097,1107;104;2
190,905;190;2
32,146,175,182;16;2
32,142,146,175,182,190,202,212,377,449,639,809,905,948,969,989,1097,1107,1140,1142,1164;1;3
176,881;176;2
305,531,713,737,747,963;525;2
131,136,143,169,191,203;71;2
11,23,25,74,113,132;22;2
11,23,25,72,74,113,131,132,136,143,169,191,203,305,531,713,737,747,963;0;3
497,1179;497;2
104,155,167,170,205;11;2
26,76,102;2;2
26,76,102,104,155,167,170,205,497,1179;0;3
106,206;106;2
77,96,98,100,107,137;26;2
1,2,6,7,10,11,18,22,23,25,26,31,32,72,74,76,77,96,98,100,101,102,104,106,107,108,112,113,126,130,131,132,136,137,138,142,143,145,146,150,151,154,155,162,166,167,169,170,175,176,181,182,186,187,190,191,198,202,203,205,206,211,212,252,253,256,257,258,260,271,274,275,276,278,282,284,301,302,304,305,333,345,351,357,369,373,374,376,377,381,387,393,405,409,410,412,413,417,423,429,444,446,448,449,475,476,478,479,493,494,496,497,499,500,502,503,516,517,525,531,537,554,556,557,561,567,573,588,589,597,603,609,624,625,633,639,645,651,669,675,681,691,694,695,703,706,707,709,712,713,715,718,719,734,736,737,741,747,753,759,765,770,772,773,795,801,806,808,809,831,837,842,844,845,867,876,878,880,881,885,891,897,900,901,904,905,906,908,919,922,923,924,926,930,932,948,949,957,963,969,975,981,986,988,989,1011,1017,1020,1021,1047,1053,1056,1057,1083,1092,1094,1096,1097,1101,1107,1113,1116,1117,1120,1121,1122,1124,1135,1138,1139,1140,1142,1146,1148,1164,1165,1173,1179,1185,1191,1197,1202,1204,1205,1227,1233,1236,1237,1263,1269,1272,1273;101;5
337,341,487,491,769,841,1201;841;2
270,690,702,714,1134;239;2
549,621;549;2
685,689;685;2
225,237,249,327,399,657,1089;659;2
219,225,237,249,270,327,337,341,399,487,491,549,621,657,684,685,689,690,702,714,769,841,1089,1134,1201;3;3
340,490,585,768,840,1200;123;2
408,474,498,918;17;2
453,465,543,553,615,665,805,985;543;2
233,363,473,660,688,873;21;2
228,468;228;2
229,435,469,1093;7;2
228,229,233,340,363,408,435,453,465,468,469,473,474,490,498,543,553,585,615,660,665,688,768,805,840,873,918,985,1093,1200;1;3
552,804,984;112;2
579,664;579;2
232,472;232;2
445,877;445;2
232,372,445,472,552,579,664,804,877,984;1;3
272,692,704,716,1136;239;2
297,309,321,729,1161;239;2
115,119,127,139,199;119;2
19,109;19;2
19,109,114,115,119,127,139,199,272,297,309,321,692,704,716,729,1136,1161;3;3
338,488,513,920,945;14;2
723,733,1155;5;2
118,243,254,1118;7;2
118,163,243,254,338,488,513,708,723,733,920,945,1118,1155;1;3
300,492;300;2
459,507,662,939;10;2
230,470,902;10;2
230,300,459,470,492,507,662,732,902,939;1;3
315,710;315;2
95,128,140,200;23;2
83,90,188;2;2
20,79,103,110,133;33;2
8,20,73,78,79,83,90,95,103,110,128,133,140,188,200,315,710;1;3
82,94,152,164;8;2
80,92,97,134;10;2
8,19,20,73,78,79,80,82,83,90,92,94,95,97,103,109,110,114,115,118,119,127,128,133,134,139,140,152,163,164,188,199,200,219,225,228,229,230,232,233,237,243,249,254,270,272,297,300,309,315,321,327,337,338,340,341,363,372,399,408,435,445,453,459,465,468,469,470,472,473,474,487,488,490,491,492,498,507,513,543,549,552,553,579,585,615,621,657,660,662,664,665,684,685,688,689,690,692,702,704,708,710,714,716,723,729,732,733,768,769,804,805,840,841,873,877,902,918,920,939,945,984,985,1089,1093,1118,1134,1136,1155,1161,1200,1201;98;4
336,486;336;2
116,291,441,686;8;2
91,661;91;2
91,116,291,336,441,486,661,686;1;3
261,273,693,705;43;2
555,771;555;2
482,717,921,1137,1149;130;2
266,285;266;2
265,481,909,1125;88;2
265,266,285,481,482,555,717,771,909,921,1125,1137,1149;7;3
627,843,1203,1275;543;2
591,807,987,1023,1129,1130;806;2
913,914,933;2;2
268,484,916;230;2
268,484,591,627,807,843,913,914,916,933,987,1023,1129,1130,1203,1275;10;3
1059,1132,1239;145;2
279,519,711,735,927;273;2
43,129;43;2
21,37,42,111;6;2
3,36;3;2
3,21,36,37,42,43,111,129,279,519,711,735,927;0;3
269,485,951,1133,1143,1167;251;2
46,67,141,165,201,213;135;2
14,33,40,66,147,183;27;2
12,14,33,40,46,66,67,141,147,165,183,201,213,269,485,951,1133,1143,1167;0;3
70,158,160,177,194;58;2
16,156,192;4;2
16,70,156,158,160,177,192,194,917;0;3
47,61,64,71,86,135,171;371;2
27,41,60,84;1;2
27,41,47,60,61,64,71,84,86,135,171;0;3
17,88,197,207;5;2
65,89;65;2
3,12,14,16,17,21,27,33,36,37,40,41,42,43,46,47,60,61,64,65,66,67,70,71,84,86,88,89,111,129,135,141,147,156,158,160,161,165,171,177,183,192,194,196,197,201,207,213,261,265,266,268,269,273,279,285,481,482,484,485,519,555,591,627,693,705,711,717,735,771,807,843,909,913,914,916,917,921,927,933,951,987,1023,1059,1125,1129,1130,1132,1133,1137,1143,1149,1167,1203,1239,1275;101;4
339,411,477,489,501,697,701;333;2
255,687,1119;221;2
255,339,411,477,489,501,687,697,701,1119;0;3
264,375,663,700,903,1095,1128;923;2
447,480,879,912;4;2
55,59,117,189;23;2
9,54;9;2
9,54,55,59,117,189;0;3
303,495,698;14;2
58,125,153,193;19;2
13,120;13;2
13,58,120,125,153,193,303,495,698;0;3
124,157;124;2
38,44,68,75,93,105;398;2
85,122;85;2
62,99;62;2
9,13,38,44,54,55,58,59,62,68,75,85,93,99,105,117,120,122,124,125,153,157,189,193,255,264,303,339,375,411,447,477,480,489,495,501,663,687,697,698,700,701,879,903,912,1095,1119,1128;98;4
56,81,231,471;38;2
56,81,121,231,471,696;1;3
267,483,699;230;2
915,1131;915;2
45,49,50,57,87,123;301;2
39,48,52,69,159,195;472;2
15,53,63;2;2
15,39,45,48,49,50,52,53,57,63,69,87,123,159,195,267,483,699,915,1131;29;3
0,1,2,3,4,5,6,7,8,9,10,11,12,13,14,15,16,17,18,19,20,21,22,23,24,25,26,27,28,29,30,31,32,33,34,35,36,37,38,39,40,41,42,43,44,45,46,47,48,49,50,51,52,53,54,55,56,57,58,59,60,61,62,63,64,65,66,67,68,69,70,71,72,73,74,75,76,77,78,79,80,81,82,83,84,85,86,87,88,89,90,91,92,93,94,95,96,97,98,99,100,101,102,103,104,105,106,107,108,109,110,111,112,113,114,115,116,117,118,119,120,121,122,123,124,125,126,127,128,129,130,131,132,133,134,135,136,137,138,139,140,141,142,143,144,145,146,147,148,149,150,151,152,153,154,155,156,157,158,159,160,161,162,163,164,165,166,167,168,169,170,171,172,173,174,175,176,177,178,179,180,181,182,183,184,185,186,187,188,189,190,191,192,193,194,195,196,197,198,199,200,201,202,203,204,205,206,207,208,209,210,211,212,213,214,215,216,217,218,219,220,221,222,223,224,225,226,227,228,229,230,231,232,233,234,235,236,237,238,239,240,241,242,243,244,245,246,247,248,249,250,251,252,253,254,255,256,257,258,259,260,261,262,263,264,265,266,267,268,269,270,271,272,273,274,275,276,277,278,279,280,281,282,283,284,285,286,287,288,289,290,291,292,293,294,295,296,297,298,299,300,301,302,303,304,305,306,307,308,309,310,311,312,313,314,315,316,317,318,319,320,321,322,323,324,325,326,327,328,329,330,331,332,333,334,335,336,337,338,339,340,341,342,343,344,345,346,347,348,349,350,351,352,353,354,355,356,357,358,359,360,361,362,363,364,365,366,367,368,369,370,371,372,373,374,375,376,377,378,379,380,381,382,383,384,385,386,387,388,389,390,391,392,393,394,395,396,397,398,399,400,401,402,403,404,405,406,407,408,409,410,411,412,413,414,415,416,417,418,419,420,421,422,423,424,425,426,427,428,429,430,431,432,433,434,435,436,437,438,439,440,441,442,443,444,445,446,447,448,449,450,451,452,453,454,455,456,457,458,459,460,461,462,463,464,465,466,467,468,469,470,471,472,473,474,475,476,477,478,479,480,481,482,483,484,485,486,487,488,489,490,491,492,493,494,495,496,497,498,499,500,501,502,503,504,505,506,507,508,509,510,511,512,513,514,515,516,517,518,519,520,521,522,523,524,525,526,527,528,529,530,531,532,533,534,535,536,537,538,539,540,541,542,543,544,545,546,547,548,549,550,551,552,553,554,555,556,557,558,559,560,561,562,563,564,565,566,567,568,569,570,571,572,573,574,575,576,577,578,579,580,581,582,583,584,585,586,587,588,589,590,591,592,593,594,595,596,597,598,599,600,601,602,603,604,605,606,607,608,609,610,611,612,613,614,615,616,617,618,619,620,621,622,623,624,625,626,627,628,629,630,631,632,633,634,635,636,637,638,639,640,641,642,643,644,645,646,647,648,649,650,651,652,653,654,655,656,657,658,659,660,661,662,663,664,665,666,667,668,669,670,671,672,673,674,675,676,677,678,679,680,681,682,683,684,685,686,687,688,689,690,691,692,693,694,695,696,697,698,699,700,701,702,703,704,705,706,707,708,709,710,711,712,713,714,715,716,717,718,719,720,721,722,723,724,725,726,727,728,729,730,731,732,733,734,735,736,737,738,739,740,741,742,743,744,745,746,747,748,749,750,751,752,753,754,755,756,757,758,759,760,761,762,763,764,765,766,767,768,769,770,771,772,773,774,775,776,777,778,779,780,781,782,783,784,785,786,787,788,789,790,791,792,793,794,795,796,797,798,799,800,801,802,803,804,805,806,807,808,809,810,811,812,813,814,815,816,817,818,819,820,821,822,823,824,825,826,827,828,829,830,831,832,833,834,835,836,837,838,839,840,841,842,843,844,845,846,847,848,849,850,851,852,853,854,855,856,857,858,859,860,861,862,863,864,865,866,867,868,869,870,871,872,873,874,875,876,877,878,879,880,881,882,883,884,885,886,887,888,889,890,891,892,893,894,895,896,897,898,899,900,901,902,903,904,905,906,907,908,909,910,911,912,913,914,915,916,917,918,919,920,921,922,923,924,925,926,927,928,929,930,931,932,933,934,935,936,937,938,939,940,941,942,943,944,945,946,947,948,949,950,951,952,953,954,955,956,957,958,959,960,961,962,963,964,965,966,967,968,969,970,971,972,973,974,975,976,977,978,979,980,981,982,983,984,985,986,987,988,989,990,991,992,993,994,995,996,997,998,999,1000,1001,1002,1003,1004,1005,1006,1007,1008,1009,1010,1011,1012,1013,1014,1015,1016,1017,1018,1019,1020,1021,1022,1023,1024,1025,1026,1027,1028,1029,1030,1031,1032,1033,1034,1035,1036,1037,1038,1039,1040,1041,1042,1043,1044,1045,1046,1047,1048,1049,1050,1051,1052,1053,1054,1055,1056,1057,1058,1059,1060,1061,1062,1063,1064,1065,1066,1067,1068,1069,1070,1071,1072,1073,1074,1075,1076,1077,1078,1079,1080,1081,1082,1083,1084,1085,1086,1087,1088,1089,1090,1091,1092,1093,1094,1095,1096,1097,1098,1099,1100,1101,1102,1103,1104,1105,1106,1107,1108,1109,1110,1111,1112,1113,1114,1115,1116,1117,1118,1119,1120,1121,1122,1123,1124,1125,1126,1127,1128,1129,1130,1131,1132,1133,1134,1135,1136,1137,1138,1139,1140,1141,1142,1143,1144,1145,1146,1147,1148,1149,1150,1151,1152,1153,1154,1155,1156,1157,1158,1159,1160,1161,1162,1163,1164,1165,1166,1167,1168,1169,1170,1171,1172,1173,1174,1175,1176,1177,1178,1179,1180,1181,1182,1183,1184,1185,1186,1187,1188,1189,1190,1191,1192,1193,1194,1195,1196,1197,1198,1199,1200,1201,1202,1203,1204,1205,1206,1207,1208,1209,1210,1211,1212,1213,1214,1215,1216,1217,1218,1219,1220,1221,1222,1223,1224,1225,1226,1227,1228,1229,1230,1231,1232,1233,1234,1235,1236,1237,1238,1239,1240,1241,1242,1243,1244,1245,1246,1247,1248,1249,1250,1251,1252,1253,1254,1255,1256,1257,1258,1259,1260,1261,1262,1263,1264,1265,1266,1267,1268,1269,1270,1271,1272,1273,1274,1275,1276,1277,1278,1279,1280,1281,1282,1283,1284,1285,1286,1287,1288,1289,1290,1291,1292,1293,1294,1295;51;6
